@name
NTIGen(P7)

@noTasks
376

@cycleTime
186.65

@boundsArea
3,80.7148

@boundsStations
1,376

@noScenarios
7

@data
62.22	60.94	59.73	59.41	58.23	60.22	59.22	3
39.01	39.41	39.73	39.01	39.54	40.8	40.83	0.67
6.47	6.27	6.56	6.5	6.53	6.66	6.68	0.07
62.11	59.16	61.07	59.81	60.98	60.09	59.1	2
12.29	11.95	12.07	12.56	12.15	12.28	12.11	0.11
15.99	15.85	16.24	16.22	16.3	16.24	15.97	0.25
20.97	20.42	20.87	21.08	21.67	20.76	21.59	0.67
4.35	4.48	4.41	4.32	4.38	4.45	4.43	0.25
4.81	4.93	4.79	4.9	4.95	4.74	4.93	0.08
29.6	30.55	29.8	30.04	29.67	29.53	30.07	0.33
15.02	14.43	14.36	14.66	15.28	15.02	14.69	0.33
15.19	15.11	14.81	15.19	15.08	14.62	15.03	0.67
6.43	6.34	6.31	6.31	6.27	6.2	6.37	0.29
10.1	10.02	10.15	9.84	10.15	10.09	9.75	0.67
4.71	4.64	4.84	4.69	4.72	4.75	4.8	0.5
0.75	0.75	0.74	0.75	0.73	0.73	0.73	0.13
39.69	37.75	39.77	40.24	38.5	38.67	38.42	0.5
7.88	7.81	7.55	7.84	7.87	7.77	7.45	0.08
0.96	0.97	0.95	0.97	0.97	0.96	0.96	0.08
4.94	5.05	5.2	4.98	4.87	4.76	4.77	0.22
1.21	1.21	1.18	1.19	1.22	1.22	1.18	0.17
6.98	7.21	7.19	7.23	6.95	6.93	7.16	1
7.26	7.18	6.9	6.95	6.96	6.76	6.92	0.29
29.67	29.33	29.55	30.5	30.36	29.92	29.41	0.5
18.08	17.82	17.4	17.64	17.2	17.4	17.11	0.5
4.82	4.89	5.07	5.09	5.07	4.97	4.93	1
5.03	5.14	5	5.02	5.1	5.15	4.93	0.33
30.44	29.81	30.33	29.7	29.58	30.5	29.91	1.33
6.1	5.97	5.99	6.26	6.09	6.07	6	0.14
9.07	9.02	8.97	8.64	9.26	8.78	9.02	0.5
9.86	10.05	9.98	10.25	10.27	10.47	9.77	0.04
9.1	9.05	8.69	9.45	9.2	9.1	9.12	0.11
9.52	9.4	8.58	9.48	9.55	9.6	9.13	0.11
4.03	4.15	4.08	4.02	4.03	3.99	4.02	0.5
5.06	4.92	5.07	4.91	4.79	5.17	5	0.22
24.17	24.88	25.27	24.73	24.95	25.2	25.03	0.57
14.99	14.81	14.9	15.03	15.23	14.56	15.04	0.2
0.84	0.84	0.8	0.83	0.88	0.81	0.83	0.25
5.02	4.78	5.03	5.1	4.9	4.99	5.04	0.5
4.92	5.06	4.89	4.93	5.02	5.04	4.86	1
11.35	11.22	11.2	11.2	11.47	11.62	11.17	0.08
8.94	8.6	8.85	8.72	8.66	8.85	8.82	0.33
6.46	6.5	6.36	6.67	6.4	6.4	6.33	0.5
25.22	24.97	24.83	24.68	25.16	24.41	24.34	0.67
13.14	13.27	13.26	13.16	13.36	13.41	13.72	0.17
4.89	4.91	4.76	5.12	5.02	5.01	4.88	0.67
19.97	19.42	19.61	20.02	20.08	19	19.84	0.17
34.87	34.17	35.87	35.64	35.29	35.85	34.64	1
2.82	2.86	2.79	2.83	2.74	2.86	2.84	0.5
14.84	15.01	15.28	14.61	14.56	15.01	15.03	0.29
25.56	25.34	24.96	25.29	25.42	24.75	24.61	0.03
3.24	3.39	3.32	3.38	3.46	3.43	3.29	0.01
3.19	3.39	3.25	3.24	3.2	3.31	3.35	0.02
15.4	15.23	15.34	14.85	14.66	15.25	15.06	0.07
19.73	20.37	20.25	19.85	20.58	20.18	19.97	0.25
10	9.78	10.34	9.86	9.99	10.04	10.33	0.05
10.12	10.07	10.16	9.86	10.17	10.15	10.16	0.67
19.6	20.01	20.16	19.68	19.71	20.16	19.45	0.29
1.24	1.23	1.23	1.23	1.26	1.24	1.29	0.03
7.89	7.58	7.75	7.99	7.88	7.94	7.76	0.17
44.3	43.69	45.03	44.84	45.32	44.06	44.27	0.57
29.52	30.69	30.98	29.59	30.03	29.13	30.36	1
14.59	13.99	14.66	14.63	14.7	13.9	14.47	0.11
2.79	2.78	2.8	2.77	2.76	2.74	2.77	0.17
1.11	1.14	1.17	1.12	1.11	1.12	1.11	0.01
10.17	9.98	9.7	9.81	10.03	9.92	10.12	0.29
6.14	6.1	6.12	6.11	6.23	6.39	6.04	0.33
57.34	58.35	61.61	59.25	61.18	60.7	60.41	3
4.7	4.72	4.69	4.65	4.65	4.81	4.63	0.11
18.23	17.41	18.71	18.09	17.74	17.96	18.21	0.5
10.07	10.12	10.57	9.93	9.8	9.76	9.84	0.22
5.74	5.67	5.49	5.63	5.37	5.28	5.43	0.33
40.89	39.99	41.35	40.35	41.59	40.4	40.22	1.5
2.41	2.51	2.56	2.41	2.51	2.45	2.49	0.13
5.82	5.88	5.74	5.67	5.87	5.84	5.89	0.33
1.02	1.03	1.01	1.01	1.05	1.04	1.04	0.13
1.89	1.93	1.94	1.93	1.89	1.95	2.01	0.06
6.69	6.76	6.65	6.65	6.63	6.52	6.51	0.14
15	14.9	14.95	14.67	15.28	14.8	14.99	0.33
5.13	5.21	4.99	5.14	5.24	5.22	5.14	0.11
5.27	5.39	5.28	5.43	5.39	5.35	5.23	0.29
9.73	10.06	10.06	10.31	9.63	10.06	10.14	0.04
9.08	8.98	9.01	8.92	9.01	8.71	9.01	0.17
2.89	2.79	2.81	2.94	2.87	2.88	2.87	0.05
5.06	5.09	5.05	4.94	4.92	5.07	4.95	0.17
12.71	12.64	12.45	12.48	13.11	12.54	12.95	0.5
9.92	9.97	10.12	10.07	10.04	9.75	9.9	0.14
6.54	6.77	6.9	6.63	6.82	6.68	6.88	0.13
19.8	20.18	20.4	20.4	19.31	20.69	19.88	0.67
30.61	29.26	29.68	30.07	29.58	29.6	30.2	1
7.58	7.69	7.54	7.83	7.68	7.86	7.61	0.33
25.24	25.71	25.15	25.82	25.46	25.35	25.32	0.22
3.85	3.93	3.83	3.88	4.09	4.03	4.03	0.25
4.99	5.02	4.89	4.82	4.85	5.01	4.83	0.29
20.27	19.6	19.53	20.66	19.66	20.29	20.45	0.33
10.17	9.54	10	10.05	10.09	9.94	10.22	1
2.63	2.63	2.7	2.7	2.59	2.66	2.64	0.14
40.6	40.19	41.85	41.24	41.48	41.62	40.45	0.11
4.68	4.71	4.55	4.68	4.56	4.78	4.59	0.01
5.55	5.66	5.26	5.27	5.48	5.35	5.4	0.33
1.32	1.3	1.32	1.32	1.27	1.35	1.3	0.03
20.01	19.99	20.21	20.11	19.98	20.13	20.55	0.22
7	6.76	6.6	6.72	6.84	6.72	6.76	0.08
5.04	5.02	4.95	5.02	4.84	4.85	5.12	0.22
30.13	30.03	30.26	30.08	30.31	30.5	29.58	0.67
25.68	25.61	25.14	24.71	25.49	24.97	25.05	0.67
4.91	4.83	4.92	4.83	5.2	4.89	4.8	0.12
1.38	1.4	1.35	1.37	1.43	1.38	1.36	0.01
2.6	2.52	2.65	2.65	2.62	2.65	2.68	0.5
0.33	0.34	0.35	0.34	0.34	0.34	0.34	0.03
5.57	5.33	5.36	5.64	5.29	5.3	5.11	0.01
9.82	9.76	9.88	9.7	10.39	10.08	10.25	0.04
8.36	8.38	8.16	8.33	8.47	8.48	8.01	0.14
8.23	8.52	8.01	8.47	7.86	8.32	8.31	0.02
19.84	20.05	20.46	20.55	20.09	19.42	19.52	0.01
43.82	44.22	44.82	44.5	45.57	44.58	44.44	1
6.34	6.12	6.41	6.17	6.31	6.29	6.41	0.07
15.34	15.34	14.83	15.25	15.49	15.49	15.19	0.08
12.71	12.95	12.3	12.58	12.25	12.73	12.48	0.05
2.8	2.82	2.84	2.85	2.9	2.88	2.8	0.04
14.57	15.14	14.46	14.97	14.44	15.03	15.02	0.38
8.06	8.24	8.48	8.25	8.08	8.49	8.2	0.25
3.11	3.12	2.99	3.16	2.99	3.09	3.1	0.08
9.93	9.97	10.26	9.69	10.41	10.05	9.77	0.03
11.48	11.66	11.45	11.75	12.03	11.64	11.76	1
1.49	1.57	1.49	1.51	1.52	1.48	1.44	0.01
5.22	5.37	5.32	5.41	5.32	5.34	5.29	0.17
9.99	9.9	9.74	9.83	9.52	9.65	9.79	0.14
11.69	11.6	11.29	11.64	11.8	11.61	11.55	0.25
29.66	29.78	29.47	29.78	29.89	30.14	29.01	0.75
15.25	14.91	15.33	15.66	15.01	15.05	15.7	0.25
6.9	6.65	6.96	6.98	6.69	6.83	6.77	0.33
11.41	11.62	10.75	11.25	11.21	11.02	11.15	0.14
3.51	3.81	3.61	3.52	3.74	3.6	3.51	0.04
8.64	8.36	8.59	8.29	8.3	8.64	8.32	0.11
20.34	19.73	19.84	20.82	19.75	19.26	20.24	0.29
18.38	17.43	17.38	17.48	17.36	17.32	17.64	0.17
7.41	7.72	7.69	7.59	7.34	7.35	7.65	0.25
15.5	14.48	15.13	14.8	14.93	14.65	15.27	1
118.05	121.41	118.48	118.08	120.8	119.12	121.38	0.25
7.87	7.78	8.02	7.73	7.75	7.84	8.03	0.19
1.23	1.27	1.26	1.29	1.3	1.27	1.27	0.17
4.82	4.71	4.51	4.63	4.68	4.64	4.64	0.5
6.22	6.22	6.44	6.17	6.46	6.16	6.01	0.25
9.57	9.42	9.74	9.28	9.41	9.74	9.35	0.14
3.9	4.08	4.05	3.96	4.09	4.09	3.99	0.17
13.76	14.02	14.01	14.46	14.05	14.06	13.67	0.5
3.94	4.16	4.14	4.14	4	4.07	4.14	0.13
3.88	3.88	3.82	3.9	3.9	3.82	3.79	0.14
4.77	4.64	4.64	4.76	4.65	4.56	4.56	0.11
1.4	1.38	1.47	1.43	1.46	1.4	1.37	0.01
0.84	0.89	0.85	0.85	0.88	0.86	0.88	0.04
4.59	4.56	4.65	4.71	4.48	4.57	4.31	0.25
3.53	3.43	3.35	3.47	3.48	3.45	3.45	0.08
2.03	2.07	1.99	2.02	2.07	2.02	2.06	0.06
0.96	0.97	0.96	0.94	0.95	0.95	0.94	0.13
3.95	4.02	3.96	4.13	3.99	4.03	4.04	0.06
3.17	3.13	3.13	3.06	3.17	3.18	3.07	0.25
3.35	3.15	3.24	3.17	3.24	3.18	3.23	0.13
12.98	13.71	13.68	13.55	13.09	13.49	13.6	0.06
19.13	18.47	19.4	19.09	18.62	19.08	18.59	0.11
24.34	24.78	23.56	25.42	24.68	25.01	24.94	0.5
0.69	0.7	0.7	0.69	0.7	0.69	0.72	0.01
44.47	43.95	42.95	45.33	45.03	45.49	45.47	0.07
2.48	2.55	2.57	2.48	2.52	2.49	2.43	0.02
3.21	3.23	3.27	3.19	3.26	3.2	3.1	0.04
4.19	4.23	4.2	4.41	4.2	4.24	4.22	0.03
2.42	2.48	2.49	2.41	2.57	2.56	2.41	0.17
1.43	1.4	1.39	1.36	1.35	1.37	1.39	0.06
7.31	7.32	6.88	7.3	7.31	7.07	7.1	0.07
5.54	5.47	5.41	5.48	5.6	5.41	5.71	0.13
3	2.96	3.14	3.02	3.06	3.09	2.97	0.33
17.94	18.94	18.59	17.94	18.16	18.43	18.22	0.5
8.9	8.88	9.19	8.99	9.04	9.04	9.24	0.5
6.55	6.36	6.5	6.24	6.56	6.46	6.36	0.13
1.74	1.7	1.7	1.74	1.75	1.77	1.76	0.03
3.32	3.41	3.31	3.34	3.36	3.2	3.5	0.13
1.41	1.38	1.45	1.4	1.38	1.4	1.43	0.08
4.28	4.44	4.14	4.23	4.24	4.25	4.36	0.5
1.34	1.33	1.33	1.31	1.39	1.34	1.34	0.01
9.3	9.11	9.31	9.79	8.8	9.34	9.02	0.14
3.02	3.03	2.99	3.02	3.15	2.92	3.09	0.04
2.36	2.26	2.32	2.31	2.39	2.34	2.3	0.03
6.98	7.04	6.86	6.69	6.9	6.91	7.11	0.25
4.93	4.96	5.05	4.93	4.96	4.79	4.94	0.17
0.32	0.34	0.33	0.33	0.33	0.32	0.34	0.06
3.05	3.06	3.16	3.05	3.15	2.98	3.02	0.03
1.67	1.72	1.62	1.66	1.68	1.69	1.61	0.01
6.01	5.86	5.95	5.98	6.19	6.05	5.97	0.01
6.95	6.97	7	6.99	6.99	7.39	7.1	0.01
6.74	6.47	6.62	6.68	6.62	6.93	6.57	0.11
0.72	0.76	0.74	0.71	0.75	0.76	0.73	0.06
3.2	3.35	3.29	3.23	3.14	3.3	3.23	0.06
2.7	2.56	2.66	2.61	2.55	2.6	2.57	0.04
9.57	10.04	9.4	9.76	9.96	9.72	9.96	0.02
15	15.2	14.43	15.36	15.49	15.54	15.86	0.25
7.41	7.63	7.2	7.51	7.17	7.42	7.37	0.29
3.93	3.95	3.94	3.88	4.05	4.12	4.02	0.04
4.91	4.9	4.93	5.07	5.02	5.14	4.88	0.06
42.91	41.92	44.87	44.04	42.81	42.33	42.35	2
1.41	1.41	1.44	1.44	1.48	1.44	1.39	0.08
6.71	6.35	6.46	6.79	6.77	6.47	6.71	0.06
8.92	8.92	8.99	9.17	8.85	9.04	8.96	0.07
8.77	9	8.94	8.87	9.09	9.03	8.97	0.14
0.25	0.26	0.26	0.25	0.27	0.25	0.26	0.01
1.14	1.11	1.12	1.16	1.17	1.13	1.12	0.02
6.14	6.24	6.13	6.49	6.43	6.31	6.5	0.5
12.55	12.2	11.99	12.21	12.07	12.23	12.57	0.21
5.03	4.96	4.97	5.04	4.86	5.02	4.83	0.07
3.21	3.15	3.23	3.24	3.23	3.22	3.31	0.22
13.69	13.71	13.28	13.46	13.69	13.72	13.38	0.13
5.6	5.53	5.61	5.43	5.61	5.41	5.52	0.06
1.34	1.42	1.41	1.36	1.32	1.34	1.4	0.06
0.25	0.27	0.26	0.26	0.27	0.26	0.26	0.02
2.06	2.01	2.07	2.04	1.95	2.04	2.11	0.06
0.75	0.77	0.77	0.76	0.76	0.76	0.77	0.04
10.25	10.9	10.73	10.49	10.32	10	10.18	0.5
0.41	0.41	0.39	0.41	0.41	0.39	0.41	0.02
7.76	7.35	7.82	7.71	7.56	7.53	7.62	0.5
8.35	8.19	8.22	8.17	8.06	8.01	7.96	0.25
3.59	3.61	3.46	3.62	3.56	3.69	3.68	0.08
0.34	0.35	0.35	0.34	0.36	0.35	0.35	0.02
2.87	2.95	2.82	2.94	2.89	2.87	2.85	0.03
5.45	5.56	5.59	5.43	5.7	5.64	5.6	0.07
8.35	8.73	8.44	8.39	8.39	8.62	8.41	0.67
1.17	1.17	1.19	1.13	1.17	1.17	1.15	0.01
1.08	1.05	1.05	1.03	1.11	1.07	1.08	0.08
5.91	5.96	5.99	6.05	5.86	6.05	5.97	0.33
3.39	3.42	3.34	3.46	3.32	3.37	3.52	0.07
3.1	3.16	3.18	3.13	3.21	3.06	3.05	0.13
0.58	0.56	0.57	0.58	0.56	0.56	0.59	0.02
3.13	3.04	3.01	3.13	3.05	3.06	3.23	0.06
4.27	4.12	4.21	4.33	4.36	4.28	4.19	0.17
9.28	9.02	9.62	9.41	9.23	9.35	9.42	0.5
5.46	5.37	5.46	5.42	5.32	5.49	5.36	0.07
5.68	5.49	5.54	5.48	5.56	5.47	5.69	0.22
1.45	1.53	1.51	1.52	1.46	1.5	1.46	0.01
4.67	4.76	4.99	4.79	4.9	4.96	4.94	0.17
10.44	10.59	10.3	9.94	10.32	10	9.97	0.08
2.92	2.9	2.77	2.88	3.01	2.98	2.93	0.08
3.62	3.71	3.61	3.61	3.68	3.69	3.7	0.13
6.04	6.03	6.14	5.97	5.94	6.29	6.04	0.25
3.96	4.09	4.03	4.05	4.11	4.06	4.03	0.19
8.34	8.32	8.53	8.43	8.44	8.33	8.21	0.07
4.47	4.68	4.68	4.67	4.82	4.79	4.56	0.08
1.85	1.94	1.9	1.86	1.88	1.88	1.86	0.17
1.05	1.05	1.04	1.06	1.04	1.09	1.04	0.04
2.04	2.04	2.03	2.03	2.07	2.06	2.08	0.04
1.13	1.07	1.11	1.13	1.12	1.15	1.13	0.02
0.92	0.93	0.96	0.95	0.97	0.94	0.93	0.08
2.79	2.93	2.95	2.94	2.97	2.94	2.88	0.05
5.96	6.17	5.8	5.97	6.17	6.02	6.25	0.5
2.65	2.63	2.73	2.67	2.52	2.6	2.69	0.08
0.68	0.66	0.69	0.67	0.69	0.67	0.66	0.06
0.44	0.46	0.44	0.45	0.46	0.46	0.45	0.03
12.17	12.36	11.45	12.56	11.88	11.97	12.42	0.33
15.35	15.72	15.98	15.04	16	15.43	15.96	0.25
2.82	2.88	2.82	2.75	2.77	2.81	2.66	0.08
14.82	15.55	15.35	15.41	15.29	15.19	14.85	0.25
2.1	2.05	2.06	2.12	2.11	1.98	1.98	0.07
2.55	2.52	2.41	2.59	2.6	2.5	2.6	0.01
0.39	0.37	0.37	0.38	0.38	0.38	0.37	0.02
10.01	10.01	9.8	9.74	10.13	9.73	10.09	0.17
1.59	1.55	1.55	1.54	1.54	1.49	1.52	0.06
1.3	1.29	1.3	1.32	1.31	1.29	1.28	0.03
4.47	4.63	4.57	4.64	4.39	4.6	4.47	0.17
1.1	1.1	1.11	1.1	1.09	1.11	1.09	0.06
8.36	7.98	7.86	7.85	8.11	8.31	7.67	0.5
1.84	1.83	1.84	1.83	1.85	1.79	1.8	0.06
0.89	0.87	0.89	0.91	0.91	0.87	0.91	0.02
2.24	2.3	2.35	2.27	2.29	2.31	2.3	0.17
16.13	15.88	16.58	15.59	16.03	16.72	16.66	0.5
1.51	1.46	1.53	1.51	1.52	1.48	1.45	0.07
6.63	6.59	6.34	6.47	6.43	6.45	6.31	0.13
2.65	2.56	2.66	2.58	2.56	2.68	2.57	0.02
1.36	1.33	1.3	1.33	1.27	1.27	1.37	0.19
2.33	2.4	2.37	2.34	2.31	2.37	2.38	0.03
7.61	7.13	7.57	7.56	7.1	7.16	7.39	0.08
14.54	14.63	14.1	14.63	14.26	14.16	14.79	0.17
0.29	0.29	0.29	0.29	0.29	0.29	0.29	0.01
5.35	5.23	5.36	5.34	5.42	5.41	5.46	0.13
6.61	6.53	6.53	6.83	6.77	6.8	6.82	0.17
1.6	1.59	1.58	1.57	1.59	1.59	1.55	0.03
0.59	0.6	0.59	0.57	0.59	0.59	0.59	0.01
2.8	2.82	2.73	2.83	2.82	2.84	2.74	0.08
7.47	7.39	7.3	7.47	7.11	7.38	7.47	0.02
9.38	9.82	9.34	9.65	9.88	9.69	9.45	0.07
0.27	0.27	0.26	0.26	0.26	0.27	0.26	0.01
0.91	0.9	0.87	0.84	0.85	0.88	0.88	0.03
2.6	2.57	2.46	2.51	2.47	2.5	2.44	0.04
2.65	2.52	2.61	2.52	2.53	2.66	2.72	0.04
0.58	0.56	0.54	0.58	0.56	0.57	0.57	0.02
3.11	3.1	3.07	3.14	3.21	3.2	3.04	0.04
1.58	1.6	1.63	1.63	1.67	1.66	1.63	0.04
4.48	4.68	4.61	4.62	4.46	4.58	4.53	0.25
3.33	3.34	3.37	3.42	3.32	3.36	3.29	0.01
0.25	0.26	0.26	0.25	0.25	0.25	0.25	0.04
0.68	0.68	0.64	0.65	0.65	0.68	0.65	0.04
33.5	33.55	32.86	32.55	32.47	32.31	32.74	1
3.73	3.55	3.61	3.71	3.62	3.67	3.6	0.13
1.82	1.79	1.8	1.87	1.8	1.79	1.8	0.07
1.87	1.95	1.89	1.87	1.97	1.84	1.93	0.13
0.87	0.85	0.86	0.87	0.86	0.85	0.86	0.02
2.91	2.94	2.94	2.92	2.83	3.04	2.9	0.13
0.98	0.98	0.96	0.97	0.99	0.97	0.99	0.08
1.91	2.01	1.95	1.96	1.9	1.94	1.97	0.06
0.49	0.5	0.5	0.52	0.49	0.49	0.5	0.06
2.62	2.61	2.64	2.66	2.65	2.68	2.63	0.05
6.58	6.37	6.48	6.57	6.54	6.51	6.5	0.13
2.74	2.76	2.71	2.8	2.67	2.73	2.78	0.33
2.61	2.59	2.58	2.64	2.58	2.65	2.61	0.01
8.55	8.38	8.54	8.11	8.44	8.26	8.37	0.13
4.81	4.75	4.95	4.76	4.81	4.69	4.85	0.38
0.43	0.44	0.44	0.44	0.42	0.44	0.44	0.01
3.4	3.43	3.35	3.47	3.49	3.39	3.4	0.02
2.07	2.14	2.12	2.1	2.16	2.13	2.13	0.07
3.61	3.58	3.51	3.45	3.56	3.51	3.46	0.08
1.57	1.59	1.56	1.54	1.56	1.5	1.55	0.02
3.31	3.23	3.32	3.38	3.27	3.31	3.25	0.09
3.75	3.82	3.94	3.88	3.77	3.91	3.82	0.06
0.39	0.4	0.41	0.41	0.4	0.39	0.4	0.01
7.59	7.8	7.67	8.03	7.97	7.66	7.58	0.07
6.07	5.98	6.05	6.09	5.96	6.11	6.28	0.06
1.17	1.17	1.16	1.17	1.14	1.16	1.15	0.04
8.66	8.55	8.78	8.93	8.34	8.81	8.47	0.07
0.62	0.63	0.61	0.64	0.62	0.62	0.62	0.08
1.8	1.82	1.8	1.81	1.79	1.8	1.82	0.06
1.29	1.33	1.3	1.32	1.33	1.34	1.38	0.01
2.52	2.55	2.61	2.48	2.5	2.53	2.51	0.03
0.34	0.32	0.32	0.32	0.33	0.33	0.32	0.04
7.99	7.78	7.98	7.99	7.87	7.95	8.2	0.01
14.47	13.92	13.87	14.36	14.3	14.06	13.9	0.25
0.94	0.94	0.95	0.93	0.95	0.91	0.94	0.08
15.03	15.26	15.67	15.23	15.73	15.49	15.41	0.08
1.38	1.31	1.32	1.35	1.31	1.34	1.36	0.03
9.69	9.33	9.15	9.41	9.36	9.2	9.55	0.03
2.38	2.34	2.44	2.32	2.24	2.31	2.4	0.07
4.08	3.98	3.94	4.08	4	4.03	4.01	0.06
4.04	4.04	4.02	4.04	3.99	4.08	4.01	0.06
0.24	0.23	0.24	0.24	0.24	0.24	0.24	0.03
1.02	1.06	1.03	1.05	1.01	0.98	0.99	0.03
1.91	1.94	1.85	1.93	1.95	1.96	1.93	0.03
1.14	1.13	1.1	1.1	1.15	1.15	1.12	0.01
1.08	1.01	1.01	1.02	1.06	1.03	1.06	0.03
11.01	11.08	10.57	10.39	10.61	11.03	10.99	0.11
5.22	5.15	5.36	5.13	5.42	5.16	5.44	0.06
0.64	0.65	0.65	0.66	0.66	0.65	0.64	0.08
1.01	1.02	1.04	1.04	1.03	1.03	1.02	0.08
6.06	6.05	5.72	5.93	5.91	5.91	5.8	0.25
4.04	4.03	4.23	4.13	4.14	4.05	4.06	0.06
0.16	0.16	0.16	0.16	0.16	0.16	0.16	0.01
0.26	0.27	0.26	0.27	0.26	0.25	0.25	0.01
9.02	9.04	9.3	9.24	9.43	9.08	9.2	0.07
1.08	1.11	1.19	1.12	1.14	1.1	1.14	0.13
1.32	1.36	1.3	1.33	1.32	1.3	1.3	0.06
1.21	1.2	1.17	1.19	1.21	1.21	1.2	0.13
3.01	2.89	2.89	3.11	3.01	3.04	3.03	0.13
1.51	1.45	1.47	1.46	1.49	1.52	1.49	0.01
2.81	2.74	2.83	2.81	2.86	2.76	2.72	0.04
0.13	0.13	0.13	0.14	0.13	0.13	0.13	0.01
1.34	1.36	1.31	1.35	1.3	1.37	1.3	0.02
0.73	0.73	0.73	0.72	0.72	0.71	0.73	0.03
3.95	3.92	3.98	3.91	3.97	3.88	3.89	0.21
1.36	1.33	1.33	1.33	1.34	1.33	1.29	0.08
5.94	5.85	5.95	5.84	5.85	6.07	5.99	0.05
3.23	3.17	3.17	3.19	3.29	3.18	3.17	0.01
0.27	0.28	0.27	0.27	0.28	0.27	0.28	0.03
3.73	3.91	3.82	3.77	3.9	3.81	3.74	0.13
0.31	0.32	0.31	0.31	0.32	0.31	0.32	0.01
0.87	0.91	0.88	0.9	0.87	0.85	0.89	0.02
6.95	6.68	6.86	6.69	6.84	6.96	6.69	0.06
5.89	5.57	5.85	5.73	5.99	5.92	5.92	0.11
4.2	4.21	4.24	4.16	4.27	4.31	4.23	0.13
0.52	0.55	0.56	0.52	0.55	0.51	0.52	0.03
4.23	4.13	4.28	4.23	4.32	4.33	4.19	0.08
1.12	1.09	1.16	1.09	1.08	1.09	1.15	0.01

@precs
1 -> 227
1 -> 338
5 -> 286
9 -> 158
9 -> 250
9 -> 338
154 -> 255
167 -> 341
168 -> 7
185 -> 9
205 -> 272
215 -> 334
223 -> 297
247 -> 8
247 -> 341
272 -> 1
272 -> 334
293 -> 4
334 -> 5
334 -> 185
334 -> 223
338 -> 8
338 -> 370
341 -> 363
343 -> 9
343 -> 167
343 -> 361
357 -> 334
370 -> 168
3 -> 10
8 -> 20
10 -> 11
10 -> 18
10 -> 277
11 -> 169
13 -> 297
13 -> 335
14 -> 206
14 -> 353
20 -> 149
20 -> 335
149 -> 15
149 -> 46
180 -> 3
180 -> 6
180 -> 20
227 -> 149
227 -> 214
227 -> 222
244 -> 227
250 -> 180
259 -> 149
286 -> 180
286 -> 210
288 -> 3
288 -> 4
288 -> 227
297 -> 309
309 -> 14
309 -> 15
312 -> 3
312 -> 13
4 -> 198
4 -> 214
7 -> 267
15 -> 263
15 -> 359
18 -> 255
18 -> 363
19 -> 162
19 -> 220
214 -> 18
214 -> 177
255 -> 19
255 -> 296
255 -> 335
335 -> 190
335 -> 220
335 -> 353
359 -> 7
359 -> 321
363 -> 12
363 -> 15
6 -> 17
6 -> 222
6 -> 237
6 -> 321
12 -> 21
12 -> 169
16 -> 96
16 -> 201
16 -> 267
17 -> 300
21 -> 266
158 -> 190
158 -> 263
169 -> 237
201 -> 17
222 -> 46
222 -> 263
237 -> 282
300 -> 25
321 -> 317
321 -> 330
361 -> 12
361 -> 300
361 -> 321
22 -> 186
22 -> 206
23 -> 40
23 -> 285
23 -> 296
24 -> 36
24 -> 188
25 -> 202
26 -> 28
26 -> 284
27 -> 25
27 -> 26
157 -> 330
177 -> 330
202 -> 221
203 -> 284
203 -> 353
210 -> 2
210 -> 296
221 -> 23
257 -> 202
284 -> 177
284 -> 202
311 -> 26
315 -> 221
330 -> 285
2 -> 36
2 -> 42
2 -> 253
2 -> 299
29 -> 195
29 -> 267
30 -> 96
31 -> 206
32 -> 285
188 -> 224
198 -> 285
204 -> 33
204 -> 229
208 -> 285
208 -> 372
229 -> 198
229 -> 236
241 -> 220
241 -> 276
241 -> 282
243 -> 190
282 -> 2
289 -> 306
317 -> 31
348 -> 204
348 -> 243
348 -> 267
33 -> 220
34 -> 38
34 -> 51
34 -> 285
35 -> 37
35 -> 365
36 -> 353
38 -> 46
38 -> 186
40 -> 220
153 -> 267
161 -> 45
161 -> 316
184 -> 225
195 -> 162
225 -> 45
225 -> 46
225 -> 183
253 -> 51
253 -> 153
281 -> 316
281 -> 326
281 -> 339
310 -> 38
310 -> 39
310 -> 281
316 -> 195
316 -> 267
339 -> 36
339 -> 54
339 -> 184
339 -> 253
39 -> 307
41 -> 43
41 -> 220
41 -> 306
42 -> 236
59 -> 42
59 -> 49
144 -> 41
144 -> 299
186 -> 367
186 -> 372
233 -> 265
233 -> 285
249 -> 299
249 -> 306
249 -> 314
249 -> 344
299 -> 46
299 -> 186
306 -> 58
306 -> 285
314 -> 206
314 -> 353
314 -> 372
324 -> 285
324 -> 367
372 -> 360
44 -> 51
44 -> 373
47 -> 260
47 -> 268
47 -> 303
48 -> 365
49 -> 152
49 -> 162
49 -> 258
49 -> 326
60 -> 96
60 -> 271
143 -> 263
160 -> 143
160 -> 206
175 -> 44
183 -> 267
236 -> 58
236 -> 371
260 -> 61
276 -> 46
295 -> 353
326 -> 143
356 -> 162
365 -> 66
365 -> 143
371 -> 219
50 -> 305
52 -> 57
52 -> 147
53 -> 353
54 -> 75
55 -> 162
56 -> 231
56 -> 268
57 -> 53
58 -> 353
58 -> 373
63 -> 64
63 -> 70
64 -> 166
151 -> 56
151 -> 294
170 -> 162
170 -> 268
170 -> 307
171 -> 194
196 -> 151
219 -> 327
219 -> 353
262 -> 62
262 -> 79
262 -> 267
301 -> 192
307 -> 77
353 -> 56
353 -> 171
368 -> 333
368 -> 353
373 -> 62
373 -> 72
61 -> 251
62 -> 66
65 -> 66
66 -> 263
66 -> 265
67 -> 61
68 -> 61
68 -> 194
150 -> 80
150 -> 152
150 -> 162
152 -> 62
162 -> 65
194 -> 308
238 -> 263
265 -> 352
283 -> 162
303 -> 327
303 -> 329
329 -> 68
329 -> 77
344 -> 72
344 -> 235
352 -> 303
367 -> 294
69 -> 181
70 -> 333
71 -> 69
71 -> 232
72 -> 146
73 -> 70
73 -> 261
73 -> 267
141 -> 327
181 -> 73
235 -> 181
267 -> 254
287 -> 81
294 -> 76
294 -> 290
320 -> 70
320 -> 232
320 -> 319
320 -> 342
327 -> 245
327 -> 320
74 -> 75
74 -> 93
75 -> 166
76 -> 75
76 -> 182
78 -> 182
78 -> 251
80 -> 261
80 -> 275
80 -> 342
166 -> 216
166 -> 375
182 -> 80
182 -> 96
251 -> 318
254 -> 275
261 -> 252
275 -> 89
290 -> 77
308 -> 193
347 -> 251
375 -> 79
375 -> 88
81 -> 176
81 -> 318
82 -> 256
83 -> 318
84 -> 96
85 -> 88
86 -> 81
87 -> 86
87 -> 99
91 -> 318
91 -> 355
165 -> 91
165 -> 274
165 -> 292
193 -> 159
232 -> 274
245 -> 274
256 -> 85
256 -> 192
274 -> 86
274 -> 269
318 -> 101
322 -> 114
322 -> 176
355 -> 328
89 -> 319
90 -> 97
92 -> 95
92 -> 96
92 -> 155
93 -> 97
93 -> 98
93 -> 119
93 -> 145
94 -> 176
94 -> 216
95 -> 101
96 -> 89
96 -> 120
96 -> 192
145 -> 89
176 -> 111
178 -> 145
178 -> 192
200 -> 93
200 -> 94
200 -> 302
213 -> 96
213 -> 216
213 -> 252
302 -> 105
302 -> 328
98 -> 216
98 -> 346
100 -> 191
101 -> 192
102 -> 106
102 -> 107
103 -> 328
106 -> 103
106 -> 164
159 -> 192
159 -> 246
164 -> 110
164 -> 122
173 -> 101
192 -> 199
216 -> 106
226 -> 102
252 -> 354
273 -> 155
292 -> 101
328 -> 100
328 -> 109
328 -> 159
346 -> 100
354 -> 164
104 -> 174
104 -> 269
104 -> 291
104 -> 358
105 -> 109
105 -> 155
107 -> 111
107 -> 155
107 -> 174
107 -> 269
108 -> 105
109 -> 113
109 -> 126
110 -> 120
110 -> 304
111 -> 374
112 -> 102
112 -> 108
112 -> 135
115 -> 104
115 -> 123
116 -> 124
116 -> 132
191 -> 115
191 -> 278
197 -> 331
197 -> 351
269 -> 116
269 -> 131
304 -> 174
364 -> 104
369 -> 345
117 -> 127
118 -> 135
118 -> 345
119 -> 218
120 -> 148
120 -> 218
121 -> 128
121 -> 199
121 -> 336
122 -> 121
128 -> 132
128 -> 230
155 -> 119
155 -> 325
218 -> 125
234 -> 129
239 -> 345
246 -> 120
246 -> 366
325 -> 122
325 -> 239
336 -> 117
336 -> 264
345 -> 336
351 -> 155
351 -> 246
358 -> 122
358 -> 207
362 -> 242
362 -> 337
124 -> 374
125 -> 134
126 -> 240
131 -> 142
131 -> 230
131 -> 240
132 -> 270
134 -> 131
230 -> 156
240 -> 124
240 -> 132
240 -> 209
240 -> 376
291 -> 337
313 -> 337
374 -> 133
129 -> 228
130 -> 163
130 -> 189
130 -> 280
135 -> 163
137 -> 136
137 -> 163
142 -> 323
156 -> 140
156 -> 280
189 -> 138
209 -> 138
209 -> 172
228 -> 207
280 -> 179
323 -> 279
323 -> 340
331 -> 163
332 -> 212
340 -> 172
340 -> 228
349 -> 209
376 -> 137
376 -> 156
376 -> 332
138 -> 298
139 -> 217
139 -> 270
140 -> 187
172 -> 211
179 -> 138
212 -> 138
212 -> 248
217 -> 298
242 -> 138
248 -> 172
248 -> 217
279 -> 350
350 -> 138
350 -> 248
350 -> 270
366 -> 172
366 -> 187
366 -> 242
-1 -> -1

